       Value     Percentile TotalCount 1/(1-Percentile)

    2801.000 0.000000000000      25749           1.00
    2901.000 0.100000000000    3272564           1.11
    2901.000 0.200000000000    3272564           1.25
    2901.000 0.300000000000    3272564           1.43
    3001.000 0.400000000000    8580248           1.67
    3001.000 0.500000000000    8580248           2.00
    3001.000 0.550000000000    8580248           2.22
    3001.000 0.600000000000    8580248           2.50
    3001.000 0.650000000000    8580248           2.86
    3001.000 0.700000000000    8580248           3.33
    3001.000 0.750000000000    8580248           4.00
    3001.000 0.775000000000    8580248           4.44
    3001.000 0.800000000000    8580248           5.00
    3001.000 0.825000000000    8580248           5.71
    3001.000 0.850000000000    8580248           6.67
    3101.000 0.875000000000    9281506           8.00
    3101.000 0.887500000000    9281506           8.89
    3101.000 0.900000000000    9281506          10.00
    3101.000 0.912500000000    9281506          11.43
    3101.000 0.925000000000    9281506          13.33
    3201.000 0.937500000000    9385234          16.00
    3301.000 0.943750000000    9442623          17.78
    3401.000 0.950000000000    9509230          20.00
    3501.000 0.956250000000    9623940          22.86
    3601.000 0.962500000000    9708268          26.67
    3601.000 0.968750000000    9708268          32.00
    3701.000 0.971875000000    9732609          35.56
    3901.000 0.975000000000    9753121          40.00
    4503.000 0.978125000000    9783745          45.71
    5303.000 0.981250000000    9821024          53.33
    5603.000 0.984375000000    9850394          64.00
    5803.000 0.985937500000    9865391          71.11
    5903.000 0.987500000000    9876116          80.00
    6103.000 0.989062500000    9892607          91.43
    6403.000 0.990625000000    9911397         106.67
    6703.000 0.992187500000    9926306         128.00
    6803.000 0.992968750000    9930132         142.22
    7103.000 0.993750000000    9939750         160.00
    7303.000 0.994531250000    9945321         182.86
    7703.000 0.995312500000    9955159         213.33
    8003.000 0.996093750000    9961017         256.00
    8303.000 0.996484375000    9965613         284.44
    8607.000 0.996875000000    9969731         320.00
    8903.000 0.997265625000    9973660         365.71
    9207.000 0.997656250000    9977512         426.67
    9503.000 0.998046875000    9981327         512.00
    9607.000 0.998242187500    9982524         568.89
    9807.000 0.998437500000    9984624         640.00
   10007.000 0.998632812500    9986747         731.43
   10207.000 0.998828125000    9989308         853.33
   10303.000 0.999023437500    9990377        1024.00
   10503.000 0.999121093750    9991601        1137.78
   10703.000 0.999218750000    9992235        1280.00
   11207.000 0.999316406250    9993372        1462.86
   11607.000 0.999414062500    9994267        1706.67
   12207.000 0.999511718750    9995127        2048.00
   12607.000 0.999560546875    9995606        2275.56
   13103.000 0.999609375000    9996197        2560.00
   13503.000 0.999658203125    9996646        2925.71
   14103.000 0.999707031250    9997127        3413.33
   15407.000 0.999755859375    9997560        4096.00
   16703.000 0.999780273438    9997806        4551.11
   17311.000 0.999804687500    9998114        5120.00
   17711.000 0.999829101563    9998321        5851.43
   18607.000 0.999853515625    9998539        6826.67
   21215.000 0.999877929688    9998780        8192.00
   22111.000 0.999890136719    9998905        9102.22
   23503.000 0.999902343750    9999024       10240.00
   25807.000 0.999914550781    9999148       11702.86
   29215.000 0.999926757813    9999268       13653.33
   36127.000 0.999938964844    9999390       16384.00
   41407.000 0.999945068359    9999451       18204.44
   49727.000 0.999951171875    9999512       20480.00
   64415.000 0.999957275391    9999573       23405.71
  109311.000 0.999963378906    9999634       27306.67
  580607.000 0.999969482422    9999695       32768.00
  616959.000 0.999972534180    9999727       36408.89
  652799.000 0.999975585938    9999756       40960.00
  695295.000 0.999978637695    9999787       46811.43
  726015.000 0.999981689453    9999818       54613.33
  761855.000 0.999984741211    9999848       65536.00
  779775.000 0.999986267090    9999865       72817.78
  796159.000 0.999987792969    9999878       81920.00
  818175.000 0.999989318848    9999894       93622.86
  832511.000 0.999990844727    9999909      109226.67
  855039.000 0.999992370605    9999924      131072.00
  875519.000 0.999993133545    9999932      145635.56
  884735.000 0.999993896484    9999939      163840.00
  909311.000 0.999994659424    9999947      187245.71
  925183.000 0.999995422363    9999956      218453.33
  934911.000 0.999996185303    9999962      262144.00
  944639.000 0.999996566772    9999966      291271.11
  960511.000 0.999996948242    9999970      327680.00
  972799.000 0.999997329712    9999975      374491.43
  982015.000 0.999997711182    9999978      436906.67
  998399.000 0.999998092651    9999981      524288.00
 1011711.000 0.999998283386    9999983      582542.22
 1027583.000 0.999998474121    9999985      655360.00
 1052671.000 0.999998664856    9999987      748982.86
 1060863.000 0.999998855591    9999989      873813.33
 1084415.000 0.999999046326    9999991     1048576.00
 1100799.000 0.999999141693    9999993     1165084.44
 1100799.000 0.999999237061    9999993     1310720.00
 1141759.000 0.999999332428    9999994     1497965.71
 1153023.000 0.999999427795    9999995     1747626.67
 1154047.000 0.999999523163    9999996     2097152.00
 1154047.000 0.999999570847    9999996     2330168.89
 1176575.000 0.999999618530    9999997     2621440.00
 1176575.000 0.999999666214    9999997     2995931.43
 1177599.000 0.999999713898    9999998     3495253.33
 1177599.000 0.999999761581    9999998     4194304.00
 1177599.000 0.999999785423    9999998     4660337.78
 1301503.000 0.999999809265    9999999     5242880.00
 1301503.000 0.999999833107    9999999     5991862.86
 1301503.000 0.999999856949    9999999     6990506.67
 1301503.000 0.999999880791    9999999     8388608.00
 1301503.000 0.999999892712    9999999     9320675.55
 1629183.000 0.999999904633   10000000    10485760.00
 1629183.000 1.000000000000   10000000
#[Mean    =     3108.226, StdDeviation   =     4554.616]
#[Max     =  1629183.000, Total count    =     10000000]
#[Buckets =           32, SubBuckets     =         2048]
