       Value     Percentile TotalCount 1/(1-Percentile)

    1300.000 0.000000000000      46390           1.00
    1400.000 0.100000000000    3128526           1.11
    1400.000 0.200000000000    3128526           1.25
    1400.000 0.300000000000    3128526           1.43
    1500.000 0.400000000000    8831355           1.67
    1500.000 0.500000000000    8831355           2.00
    1500.000 0.550000000000    8831355           2.22
    1500.000 0.600000000000    8831355           2.50
    1500.000 0.650000000000    8831355           2.86
    1500.000 0.700000000000    8831355           3.33
    1500.000 0.750000000000    8831355           4.00
    1500.000 0.775000000000    8831355           4.44
    1500.000 0.800000000000    8831355           5.00
    1500.000 0.825000000000    8831355           5.71
    1500.000 0.850000000000    8831355           6.67
    1500.000 0.875000000000    8831355           8.00
    1600.000 0.887500000000    9611825           8.89
    1600.000 0.900000000000    9611825          10.00
    1600.000 0.912500000000    9611825          11.43
    1600.000 0.925000000000    9611825          13.33
    1600.000 0.937500000000    9611825          16.00
    1600.000 0.943750000000    9611825          17.78
    1600.000 0.950000000000    9611825          20.00
    1600.000 0.956250000000    9611825          22.86
    1700.000 0.962500000000    9747602          26.67
    1700.000 0.968750000000    9747602          32.00
    1700.000 0.971875000000    9747602          35.56
    1800.000 0.975000000000    9784580          40.00
    1800.000 0.978125000000    9784580          45.71
    2000.000 0.981250000000    9822911          53.33
    2201.000 0.984375000000    9862742          64.00
    2201.000 0.985937500000    9862742          71.11
    2301.000 0.987500000000    9883198          80.00
    2401.000 0.989062500000    9900418          91.43
    2501.000 0.990625000000    9917295         106.67
    2601.000 0.992187500000    9928393         128.00
    2701.000 0.992968750000    9936404         142.22
    2801.000 0.993750000000    9943124         160.00
    2901.000 0.994531250000    9948804         182.86
    3001.000 0.995312500000    9954389         213.33
    3201.000 0.996093750000    9961764         256.00
    3501.000 0.996484375000    9965173         284.44
    3801.000 0.996875000000    9970927         320.00
    3901.000 0.997265625000    9975163         365.71
    4001.000 0.997656250000    9978679         426.67
    4103.000 0.998046875000    9981709         512.00
    4203.000 0.998242187500    9984351         568.89
    4303.000 0.998437500000    9986288         640.00
    4403.000 0.998632812500    9988120         731.43
    4503.000 0.998828125000    9989716         853.33
    4603.000 0.999023437500    9990904        1024.00
    4703.000 0.999121093750    9991714        1137.78
    4803.000 0.999218750000    9992269        1280.00
    5103.000 0.999316406250    9993409        1462.86
    5403.000 0.999414062500    9994235        1706.67
    5903.000 0.999511718750    9995235        2048.00
    6203.000 0.999560546875    9995784        2275.56
    6403.000 0.999609375000    9996126        2560.00
    6803.000 0.999658203125    9996682        2925.71
    7303.000 0.999707031250    9997079        3413.33
    8003.000 0.999755859375    9997592        4096.00
    8503.000 0.999780273438    9997820        4551.11
    9207.000 0.999804687500    9998081        5120.00
    9903.000 0.999829101563    9998319        5851.43
   11103.000 0.999853515625    9998537        6826.67
   13303.000 0.999877929688    9998786        8192.00
   14903.000 0.999890136719    9998909        9102.22
   15807.000 0.999902343750    9999043       10240.00
   16303.000 0.999914550781    9999159       11702.86
   17215.000 0.999926757813    9999275       13653.33
   19807.000 0.999938964844    9999391       16384.00
   21215.000 0.999945068359    9999453       18204.44
   24303.000 0.999951171875    9999512       20480.00
   30415.000 0.999957275391    9999573       23405.71
   54623.000 0.999963378906    9999634       27306.67
  587775.000 0.999969482422    9999695       32768.00
  623615.000 0.999972534180    9999726       36408.89
  662527.000 0.999975585938    9999757       40960.00
  697343.000 0.999978637695    9999787       46811.43
  738303.000 0.999981689453    9999817       54613.33
  779775.000 0.999984741211    9999848       65536.00
  798719.000 0.999986267090    9999863       72817.78
  818175.000 0.999987792969    9999878       81920.00
  837631.000 0.999989318848    9999894       93622.86
  859135.000 0.999990844727    9999909      109226.67
  876543.000 0.999992370605    9999925      131072.00
  890879.000 0.999993133545    9999932      145635.56
  899583.000 0.999993896484    9999939      163840.00
  911359.000 0.999994659424    9999947      187245.71
  932351.000 0.999995422363    9999955      218453.33
  946175.000 0.999996185303    9999962      262144.00
  963071.000 0.999996566772    9999966      291271.11
  974847.000 0.999996948242    9999971      327680.00
  993279.000 0.999997329712    9999974      374491.43
 1015295.000 0.999997711182    9999978      436906.67
 1035775.000 0.999998092651    9999981      524288.00
 1047551.000 0.999998283386    9999983      582542.22
 1057791.000 0.999998474121    9999985      655360.00
 1067007.000 0.999998664856    9999987      748982.86
 1078271.000 0.999998855591    9999989      873813.33
 1105919.000 0.999999046326    9999991     1048576.00
 1107967.000 0.999999141693    9999992     1165084.44
 1149951.000 0.999999237061    9999993     1310720.00
 1150975.000 0.999999332428    9999994     1497965.71
 1162239.000 0.999999427795    9999995     1747626.67
 1180671.000 0.999999523163    9999996     2097152.00
 1180671.000 0.999999570847    9999996     2330168.89
 1187839.000 0.999999618530    9999997     2621440.00
 1187839.000 0.999999666214    9999997     2995931.43
 1220607.000 0.999999713898    9999998     3495253.33
 1220607.000 0.999999761581    9999998     4194304.00
 1220607.000 0.999999785423    9999998     4660337.78
 1274879.000 0.999999809265    9999999     5242880.00
 1274879.000 0.999999833107    9999999     5991862.86
 1274879.000 0.999999856949    9999999     6990506.67
 1274879.000 0.999999880791    9999999     8388608.00
 1274879.000 0.999999892712    9999999     9320675.55
 4702207.000 0.999999904633   10000000    10485760.00
 4702207.000 1.000000000000   10000000
#[Mean    =     1533.539, StdDeviation   =     4744.947]
#[Max     =  4702207.000, Total count    =     10000000]
#[Buckets =           32, SubBuckets     =         2048]
