       Value     Percentile TotalCount 1/(1-Percentile)

     800.000 0.000000000000    1437604           1.00
     800.000 0.100000000000    1437604           1.11
     900.000 0.200000000000    9348335           1.25
     900.000 0.300000000000    9348335           1.43
     900.000 0.400000000000    9348335           1.67
     900.000 0.500000000000    9348335           2.00
     900.000 0.550000000000    9348335           2.22
     900.000 0.600000000000    9348335           2.50
     900.000 0.650000000000    9348335           2.86
     900.000 0.700000000000    9348335           3.33
     900.000 0.750000000000    9348335           4.00
     900.000 0.775000000000    9348335           4.44
     900.000 0.800000000000    9348335           5.00
     900.000 0.825000000000    9348335           5.71
     900.000 0.850000000000    9348335           6.67
     900.000 0.875000000000    9348335           8.00
     900.000 0.887500000000    9348335           8.89
     900.000 0.900000000000    9348335          10.00
     900.000 0.912500000000    9348335          11.43
     900.000 0.925000000000    9348335          13.33
    1000.000 0.937500000000    9770415          16.00
    1000.000 0.943750000000    9770415          17.78
    1000.000 0.950000000000    9770415          20.00
    1000.000 0.956250000000    9770415          22.86
    1000.000 0.962500000000    9770415          26.67
    1000.000 0.968750000000    9770415          32.00
    1000.000 0.971875000000    9770415          35.56
    1000.000 0.975000000000    9770415          40.00
    1100.000 0.978125000000    9817533          45.71
    1100.000 0.981250000000    9817533          53.33
    1400.000 0.984375000000    9852945          64.00
    1500.000 0.985937500000    9867760          71.11
    1600.000 0.987500000000    9883413          80.00
    1700.000 0.989062500000    9896437          91.43
    1800.000 0.990625000000    9911449         106.67
    1900.000 0.992187500000    9923886         128.00
    2000.000 0.992968750000    9938343         142.22
    2000.000 0.993750000000    9938343         160.00
    2101.000 0.994531250000    9950104         182.86
    2201.000 0.995312500000    9958043         213.33
    2301.000 0.996093750000    9964888         256.00
    2301.000 0.996484375000    9964888         284.44
    2401.000 0.996875000000    9970775         320.00
    2501.000 0.997265625000    9974718         365.71
    2701.000 0.997656250000    9977091         426.67
    3201.000 0.998046875000    9981164         512.00
    3301.000 0.998242187500    9984298         568.89
    3401.000 0.998437500000    9986705         640.00
    3401.000 0.998632812500    9986705         731.43
    3501.000 0.998828125000    9988536         853.33
    3601.000 0.999023437500    9990303        1024.00
    3701.000 0.999121093750    9991725        1137.78
    3801.000 0.999218750000    9993129        1280.00
    3901.000 0.999316406250    9994307        1462.86
    3901.000 0.999414062500    9994307        1706.67
    4103.000 0.999511718750    9995446        2048.00
    4203.000 0.999560546875    9995694        2275.56
    4403.000 0.999609375000    9996151        2560.00
    4703.000 0.999658203125    9996636        2925.71
    5003.000 0.999707031250    9997082        3413.33
    5503.000 0.999755859375    9997608        4096.00
    5703.000 0.999780273438    9997852        4551.11
    6003.000 0.999804687500    9998123        5120.00
    6303.000 0.999829101563    9998292        5851.43
    6903.000 0.999853515625    9998568        6826.67
    7603.000 0.999877929688    9998808        8192.00
    8103.000 0.999890136719    9998913        9102.22
    8703.000 0.999902343750    9999032       10240.00
    9503.000 0.999914550781    9999156       11702.86
   10807.000 0.999926757813    9999273       13653.33
   12807.000 0.999938964844    9999399       16384.00
   13703.000 0.999945068359    9999452       18204.44
   14807.000 0.999951171875    9999516       20480.00
   15407.000 0.999957275391    9999592       23405.71
   15807.000 0.999963378906    9999641       27306.67
   16815.000 0.999969482422    9999699       32768.00
   17615.000 0.999972534180    9999726       36408.89
   18703.000 0.999975585938    9999756       40960.00
   20111.000 0.999978637695    9999787       46811.43
   21615.000 0.999981689453    9999820       54613.33
   24111.000 0.999984741211    9999850       65536.00
   25311.000 0.999986267090    9999864       72817.78
   26207.000 0.999987792969    9999880       81920.00
   27711.000 0.999989318848    9999894       93622.86
   31007.000 0.999990844727    9999909      109226.67
   36927.000 0.999992370605    9999924      131072.00
   43615.000 0.999993133545    9999932      145635.56
   50431.000 0.999993896484    9999939      163840.00
   63327.000 0.999994659424    9999947      187245.71
   80703.000 0.999995422363    9999955      218453.33
  105343.000 0.999996185303    9999962      262144.00
  182911.000 0.999996566772    9999966      291271.11
  570367.000 0.999996948242    9999970      327680.00
  661503.000 0.999997329712    9999974      374491.43
  721407.000 0.999997711182    9999978      436906.67
  724479.000 0.999998092651    9999981      524288.00
  746495.000 0.999998283386    9999983      582542.22
  786943.000 0.999998474121    9999985      655360.00
  807423.000 0.999998664856    9999987      748982.86
  842751.000 0.999998855591    9999989      873813.33
  913407.000 0.999999046326    9999991     1048576.00
  944639.000 0.999999141693    9999992     1165084.44
  972799.000 0.999999237061    9999993     1310720.00
  982015.000 0.999999332428    9999994     1497965.71
 1007615.000 0.999999427795    9999995     1747626.67
 1011199.000 0.999999523163    9999996     2097152.00
 1011199.000 0.999999570847    9999996     2330168.89
 1012223.000 0.999999618530    9999997     2621440.00
 1012223.000 0.999999666214    9999997     2995931.43
 1022975.000 0.999999713898    9999998     3495253.33
 1022975.000 0.999999761581    9999998     4194304.00
 1022975.000 0.999999785423    9999998     4660337.78
 1118207.000 0.999999809265    9999999     5242880.00
 1118207.000 0.999999833107    9999999     5991862.86
 1118207.000 0.999999856949    9999999     6990506.67
 1118207.000 0.999999880791    9999999     8388608.00
 1118207.000 0.999999892712    9999999     9320675.55
 1126399.000 0.999999904633   10000000    10485760.00
 1126399.000 1.000000000000   10000000
#[Mean    =      915.291, StdDeviation   =     1504.719]
#[Max     =  1126399.000, Total count    =     10000000]
#[Buckets =           32, SubBuckets     =         2048]
