       Value     Percentile TotalCount 1/(1-Percentile)

     300.000 0.000000000000    1232626           1.00
     300.000 0.100000000000    1232626           1.11
     400.000 0.200000000000    9699047           1.25
     400.000 0.300000000000    9699047           1.43
     400.000 0.400000000000    9699047           1.67
     400.000 0.500000000000    9699047           2.00
     400.000 0.550000000000    9699047           2.22
     400.000 0.600000000000    9699047           2.50
     400.000 0.650000000000    9699047           2.86
     400.000 0.700000000000    9699047           3.33
     400.000 0.750000000000    9699047           4.00
     400.000 0.775000000000    9699047           4.44
     400.000 0.800000000000    9699047           5.00
     400.000 0.825000000000    9699047           5.71
     400.000 0.850000000000    9699047           6.67
     400.000 0.875000000000    9699047           8.00
     400.000 0.887500000000    9699047           8.89
     400.000 0.900000000000    9699047          10.00
     400.000 0.912500000000    9699047          11.43
     400.000 0.925000000000    9699047          13.33
     400.000 0.937500000000    9699047          16.00
     400.000 0.943750000000    9699047          17.78
     400.000 0.950000000000    9699047          20.00
     400.000 0.956250000000    9699047          22.86
     400.000 0.962500000000    9699047          26.67
     400.000 0.968750000000    9699047          32.00
     500.000 0.971875000000    9841582          35.56
     500.000 0.975000000000    9841582          40.00
     500.000 0.978125000000    9841582          45.71
     500.000 0.981250000000    9841582          53.33
     600.000 0.984375000000    9906669          64.00
     600.000 0.985937500000    9906669          71.11
     600.000 0.987500000000    9906669          80.00
     600.000 0.989062500000    9906669          91.43
     600.000 0.990625000000    9906669         106.67
     700.000 0.992187500000    9962992         128.00
     700.000 0.992968750000    9962992         142.22
     700.000 0.993750000000    9962992         160.00
     700.000 0.994531250000    9962992         182.86
     700.000 0.995312500000    9962992         213.33
     700.000 0.996093750000    9962992         256.00
     800.000 0.996484375000    9981036         284.44
     800.000 0.996875000000    9981036         320.00
     800.000 0.997265625000    9981036         365.71
     800.000 0.997656250000    9981036         426.67
     800.000 0.998046875000    9981036         512.00
     900.000 0.998242187500    9986051         568.89
     900.000 0.998437500000    9986051         640.00
    1000.000 0.998632812500    9988309         731.43
    1000.000 0.998828125000    9988309         853.33
    1900.000 0.999023437500    9990386        1024.00
    2101.000 0.999121093750    9991260        1137.78
    2201.000 0.999218750000    9992309        1280.00
    2301.000 0.999316406250    9993868        1462.86
    2401.000 0.999414062500    9994536        1706.67
    2601.000 0.999511718750    9995941        2048.00
    2601.000 0.999560546875    9995941        2275.56
    2701.000 0.999609375000    9996826        2560.00
    2701.000 0.999658203125    9996826        2925.71
    2801.000 0.999707031250    9997302        3413.33
    3001.000 0.999755859375    9997678        4096.00
    3201.000 0.999780273438    9997895        4551.11
    3401.000 0.999804687500    9998108        5120.00
    3601.000 0.999829101563    9998311        5851.43
    3901.000 0.999853515625    9998566        6826.67
    4203.000 0.999877929688    9998800        8192.00
    4403.000 0.999890136719    9998904        9102.22
    4803.000 0.999902343750    9999034       10240.00
    5403.000 0.999914550781    9999166       11702.86
    6103.000 0.999926757813    9999280       13653.33
    6903.000 0.999938964844    9999400       16384.00
    7403.000 0.999945068359    9999452       18204.44
    8103.000 0.999951171875    9999516       20480.00
    9303.000 0.999957275391    9999574       23405.71
   11103.000 0.999963378906    9999639       27306.67
   13207.000 0.999969482422    9999700       32768.00
   13703.000 0.999972534180    9999726       36408.89
   14207.000 0.999975585938    9999756       40960.00
   15007.000 0.999978637695    9999787       46811.43
   17103.000 0.999981689453    9999818       54613.33
   19503.000 0.999984741211    9999850       65536.00
   20511.000 0.999986267090    9999863       72817.78
   24015.000 0.999987792969    9999878       81920.00
   35519.000 0.999989318848    9999894       93622.86
   56703.000 0.999990844727    9999909      109226.67
  544767.000 0.999992370605    9999924      131072.00
  593407.000 0.999993133545    9999932      145635.56
  611839.000 0.999993896484    9999939      163840.00
  666111.000 0.999994659424    9999947      187245.71
  686591.000 0.999995422363    9999955      218453.33
  749567.000 0.999996185303    9999962      262144.00
  772607.000 0.999996566772    9999966      291271.11
  787455.000 0.999996948242    9999970      327680.00
  815103.000 0.999997329712    9999974      374491.43
  831487.000 0.999997711182    9999978      436906.67
  863743.000 0.999998092651    9999981      524288.00
  870911.000 0.999998283386    9999983      582542.22
  876031.000 0.999998474121    9999985      655360.00
  888319.000 0.999998664856    9999987      748982.86
  906239.000 0.999998855591    9999989      873813.33
  916479.000 0.999999046326    9999991     1048576.00
  916991.000 0.999999141693    9999992     1165084.44
  931839.000 0.999999237061    9999993     1310720.00
  958463.000 0.999999332428    9999994     1497965.71
  989695.000 0.999999427795    9999995     1747626.67
  991231.000 0.999999523163    9999996     2097152.00
  991231.000 0.999999570847    9999996     2330168.89
  999423.000 0.999999618530    9999997     2621440.00
  999423.000 0.999999666214    9999997     2995931.43
 1008127.000 0.999999713898    9999998     3495253.33
 1008127.000 0.999999761581    9999998     4194304.00
 1008127.000 0.999999785423    9999998     4660337.78
 1024511.000 0.999999809265    9999999     5242880.00
 1024511.000 0.999999833107    9999999     5991862.86
 1024511.000 0.999999856949    9999999     6990506.67
 1024511.000 0.999999880791    9999999     8388608.00
 1024511.000 0.999999892712    9999999     9320675.55
 1029631.000 0.999999904633   10000000    10485760.00
 1029631.000 1.000000000000   10000000
#[Mean    =      402.350, StdDeviation   =     2162.979]
#[Max     =  1029631.000, Total count    =     10000000]
#[Buckets =           32, SubBuckets     =         2048]
