       Value     Percentile TotalCount 1/(1-Percentile)

    1700.000 0.000000000000        156           1.00
    1800.000 0.100000000000    1707055           1.11
    1900.000 0.200000000000    8385082           1.25
    1900.000 0.300000000000    8385082           1.43
    1900.000 0.400000000000    8385082           1.67
    1900.000 0.500000000000    8385082           2.00
    1900.000 0.550000000000    8385082           2.22
    1900.000 0.600000000000    8385082           2.50
    1900.000 0.650000000000    8385082           2.86
    1900.000 0.700000000000    8385082           3.33
    1900.000 0.750000000000    8385082           4.00
    1900.000 0.775000000000    8385082           4.44
    1900.000 0.800000000000    8385082           5.00
    1900.000 0.825000000000    8385082           5.71
    2000.000 0.850000000000    9374833           6.67
    2000.000 0.875000000000    9374833           8.00
    2000.000 0.887500000000    9374833           8.89
    2000.000 0.900000000000    9374833          10.00
    2000.000 0.912500000000    9374833          11.43
    2000.000 0.925000000000    9374833          13.33
    2101.000 0.937500000000    9464193          16.00
    2101.000 0.943750000000    9464193          17.78
    2201.000 0.950000000000    9546643          20.00
    2301.000 0.956250000000    9628361          22.86
    2301.000 0.962500000000    9628361          26.67
    2401.000 0.968750000000    9739455          32.00
    2401.000 0.971875000000    9739455          35.56
    2501.000 0.975000000000    9764389          40.00
    2701.000 0.978125000000    9784564          45.71
    3201.000 0.981250000000    9814004          53.33
    3601.000 0.984375000000    9851528          64.00
    3701.000 0.985937500000    9860674          71.11
    3901.000 0.987500000000    9880433          80.00
    4103.000 0.989062500000    9899104          91.43
    4203.000 0.990625000000    9909554         106.67
    4403.000 0.992187500000    9926857         128.00
    4503.000 0.992968750000    9932364         142.22
    4703.000 0.993750000000    9940885         160.00
    4903.000 0.994531250000    9949128         182.86
    5103.000 0.995312500000    9956207         213.33
    5303.000 0.996093750000    9962766         256.00
    5403.000 0.996484375000    9965774         284.44
    5603.000 0.996875000000    9971400         320.00
    5703.000 0.997265625000    9974003         365.71
    5903.000 0.997656250000    9977837         426.67
    6203.000 0.998046875000    9981052         512.00
    6403.000 0.998242187500    9983101         568.89
    6603.000 0.998437500000    9985671         640.00
    6703.000 0.998632812500    9987024         731.43
    6803.000 0.998828125000    9988320         853.33
    7003.000 0.999023437500    9990629        1024.00
    7103.000 0.999121093750    9991663        1137.78
    7203.000 0.999218750000    9992492        1280.00
    7303.000 0.999316406250    9993182        1462.86
    7703.000 0.999414062500    9994304        1706.67
    8103.000 0.999511718750    9995130        2048.00
    8407.000 0.999560546875    9995636        2275.56
    8807.000 0.999609375000    9996154        2560.00
    9207.000 0.999658203125    9996690        2925.71
    9607.000 0.999707031250    9997108        3413.33
   10207.000 0.999755859375    9997635        4096.00
   10503.000 0.999780273438    9997822        4551.11
   11103.000 0.999804687500    9998083        5120.00
   11903.000 0.999829101563    9998296        5851.43
   13703.000 0.999853515625    9998541        6826.67
   15903.000 0.999877929688    9998807        8192.00
   16207.000 0.999890136719    9998903        9102.22
   16703.000 0.999902343750    9999046       10240.00
   17407.000 0.999914550781    9999152       11702.86
   19103.000 0.999926757813    9999272       13653.33
   21103.000 0.999938964844    9999397       16384.00
   22415.000 0.999945068359    9999453       18204.44
   25503.000 0.999951171875    9999512       20480.00
   29807.000 0.999957275391    9999573       23405.71
   36831.000 0.999963378906    9999635       27306.67
   49823.000 0.999969482422    9999696       32768.00
   59423.000 0.999972534180    9999726       36408.89
   86719.000 0.999975585938    9999756       40960.00
  508671.000 0.999978637695    9999787       46811.43
  561151.000 0.999981689453    9999817       54613.33
  614399.000 0.999984741211    9999848       65536.00
  641023.000 0.999986267090    9999863       72817.78
  684031.000 0.999987792969    9999878       81920.00
  724991.000 0.999989318848    9999894       93622.86
  752639.000 0.999990844727    9999909      109226.67
  775679.000 0.999992370605    9999924      131072.00
  791551.000 0.999993133545    9999933      145635.56
  802815.000 0.999993896484    9999939      163840.00
  819711.000 0.999994659424    9999947      187245.71
  838143.000 0.999995422363    9999955      218453.33
  847871.000 0.999996185303    9999962      262144.00
  865279.000 0.999996566772    9999966      291271.11
  877055.000 0.999996948242    9999970      327680.00
  887807.000 0.999997329712    9999974      374491.43
  892927.000 0.999997711182    9999978      436906.67
  904191.000 0.999998092651    9999981      524288.00
  916991.000 0.999998283386    9999983      582542.22
  924159.000 0.999998474121    9999985      655360.00
  931327.000 0.999998664856    9999987      748982.86
  959487.000 0.999998855591    9999989      873813.33
  974847.000 0.999999046326    9999991     1048576.00
  975871.000 0.999999141693    9999992     1165084.44
  982527.000 0.999999237061    9999993     1310720.00
 1001471.000 0.999999332428    9999994     1497965.71
 1008127.000 0.999999427795    9999995     1747626.67
 1014783.000 0.999999523163    9999996     2097152.00
 1014783.000 0.999999570847    9999996     2330168.89
 1034239.000 0.999999618530    9999997     2621440.00
 1034239.000 0.999999666214    9999997     2995931.43
 1041919.000 0.999999713898    9999998     3495253.33
 1041919.000 0.999999761581    9999998     4194304.00
 1041919.000 0.999999785423    9999998     4660337.78
 1050623.000 0.999999809265    9999999     5242880.00
 1050623.000 0.999999833107    9999999     5991862.86
 1050623.000 0.999999856949    9999999     6990506.67
 1050623.000 0.999999880791    9999999     8388608.00
 1050623.000 0.999999892712    9999999     9320675.55
 1074175.000 0.999999904633   10000000    10485760.00
 1074175.000 1.000000000000   10000000
#[Mean    =     1979.836, StdDeviation   =     3440.352]
#[Max     =  1074175.000, Total count    =     10000000]
#[Buckets =           32, SubBuckets     =         2048]
