       Value     Percentile TotalCount 1/(1-Percentile)

    1300.000 0.000000000000     142930           1.00
    1400.000 0.100000000000    4584700           1.11
    1400.000 0.200000000000    4584700           1.25
    1400.000 0.300000000000    4584700           1.43
    1400.000 0.400000000000    4584700           1.67
    1500.000 0.500000000000    9068252           2.00
    1500.000 0.550000000000    9068252           2.22
    1500.000 0.600000000000    9068252           2.50
    1500.000 0.650000000000    9068252           2.86
    1500.000 0.700000000000    9068252           3.33
    1500.000 0.750000000000    9068252           4.00
    1500.000 0.775000000000    9068252           4.44
    1500.000 0.800000000000    9068252           5.00
    1500.000 0.825000000000    9068252           5.71
    1500.000 0.850000000000    9068252           6.67
    1500.000 0.875000000000    9068252           8.00
    1500.000 0.887500000000    9068252           8.89
    1500.000 0.900000000000    9068252          10.00
    1600.000 0.912500000000    9588799          11.43
    1600.000 0.925000000000    9588799          13.33
    1600.000 0.937500000000    9588799          16.00
    1600.000 0.943750000000    9588799          17.78
    1600.000 0.950000000000    9588799          20.00
    1600.000 0.956250000000    9588799          22.86
    1700.000 0.962500000000    9706469          26.67
    1700.000 0.968750000000    9706469          32.00
    1800.000 0.971875000000    9746296          35.56
    1900.000 0.975000000000    9772302          40.00
    2000.000 0.978125000000    9794998          45.71
    2101.000 0.981250000000    9818124          53.33
    2201.000 0.984375000000    9847336          64.00
    2301.000 0.985937500000    9885379          71.11
    2301.000 0.987500000000    9885379          80.00
    2401.000 0.989062500000    9913197          91.43
    2401.000 0.990625000000    9913197         106.67
    2501.000 0.992187500000    9928678         128.00
    2601.000 0.992968750000    9937131         142.22
    2701.000 0.993750000000    9943909         160.00
    2801.000 0.994531250000    9950398         182.86
    2901.000 0.995312500000    9955752         213.33
    3101.000 0.996093750000    9963825         256.00
    3201.000 0.996484375000    9966159         284.44
    3601.000 0.996875000000    9968887         320.00
    3801.000 0.997265625000    9972861         365.71
    4001.000 0.997656250000    9979430         426.67
    4103.000 0.998046875000    9982069         512.00
    4203.000 0.998242187500    9984456         568.89
    4203.000 0.998437500000    9984456         640.00
    4303.000 0.998632812500    9986351         731.43
    4503.000 0.998828125000    9989687         853.33
    4603.000 0.999023437500    9990836        1024.00
    4703.000 0.999121093750    9991710        1137.78
    4803.000 0.999218750000    9992292        1280.00
    5003.000 0.999316406250    9993206        1462.86
    5303.000 0.999414062500    9994270        1706.67
    5703.000 0.999511718750    9995369        2048.00
    5803.000 0.999560546875    9995624        2275.56
    6103.000 0.999609375000    9996247        2560.00
    6403.000 0.999658203125    9996651        2925.71
    6903.000 0.999707031250    9997162        3413.33
    7403.000 0.999755859375    9997564        4096.00
    7903.000 0.999780273438    9997805        4551.11
    8503.000 0.999804687500    9998050        5120.00
    9503.000 0.999829101563    9998299        5851.43
   11103.000 0.999853515625    9998542        6826.67
   14103.000 0.999877929688    9998788        8192.00
   15503.000 0.999890136719    9998908        9102.22
   16103.000 0.999902343750    9999030       10240.00
   16911.000 0.999914550781    9999151       11702.86
   19311.000 0.999926757813    9999269       13653.33
   22303.000 0.999938964844    9999390       16384.00
   25711.000 0.999945068359    9999452       18204.44
   32607.000 0.999951171875    9999513       20480.00
   45311.000 0.999957275391    9999573       23405.71
   88255.000 0.999963378906    9999634       27306.67
  610303.000 0.999969482422    9999695       32768.00
  644095.000 0.999972534180    9999726       36408.89
  668671.000 0.999975585938    9999756       40960.00
  707071.000 0.999978637695    9999787       46811.43
  750591.000 0.999981689453    9999817       54613.33
  780799.000 0.999984741211    9999848       65536.00
  796671.000 0.999986267090    9999863       72817.78
  811519.000 0.999987792969    9999878       81920.00
  834559.000 0.999989318848    9999894       93622.86
  853503.000 0.999990844727    9999909      109226.67
  877567.000 0.999992370605    9999924      131072.00
  900095.000 0.999993133545    9999932      145635.56
  914943.000 0.999993896484    9999939      163840.00
  933375.000 0.999994659424    9999947      187245.71
  945151.000 0.999995422363    9999955      218453.33
  960511.000 0.999996185303    9999962      262144.00
  969727.000 0.999996566772    9999966      291271.11
  978431.000 0.999996948242    9999970      327680.00
  990719.000 0.999997329712    9999974      374491.43
 1021951.000 0.999997711182    9999978      436906.67
 1041919.000 0.999998092651    9999981      524288.00
 1053695.000 0.999998283386    9999984      582542.22
 1059839.000 0.999998474121    9999985      655360.00
 1067007.000 0.999998664856    9999988      748982.86
 1071103.000 0.999998855591    9999989      873813.33
 1093631.000 0.999999046326    9999991     1048576.00
 1106943.000 0.999999141693    9999992     1165084.44
 1132543.000 0.999999237061    9999993     1310720.00
 1155071.000 0.999999332428    9999994     1497965.71
 1184767.000 0.999999427795    9999995     1747626.67
 1189887.000 0.999999523163    9999996     2097152.00
 1189887.000 0.999999570847    9999996     2330168.89
 1193983.000 0.999999618530    9999997     2621440.00
 1193983.000 0.999999666214    9999997     2995931.43
 1203199.000 0.999999713898    9999999     3495253.33
 1203199.000 0.999999761581    9999999     4194304.00
 1203199.000 0.999999785423    9999999     4660337.78
 1203199.000 0.999999809265    9999999     5242880.00
 1203199.000 0.999999833107    9999999     5991862.86
 1203199.000 0.999999856949    9999999     6990506.67
 1203199.000 0.999999880791    9999999     8388608.00
 1203199.000 0.999999892712    9999999     9320675.55
 1690623.000 0.999999904633   10000000    10485760.00
 1690623.000 1.000000000000   10000000
#[Mean    =     1518.238, StdDeviation   =     4671.059]
#[Max     =  1690623.000, Total count    =     10000000]
#[Buckets =           32, SubBuckets     =         2048]
