       Value     Percentile TotalCount 1/(1-Percentile)

     700.000 0.000000000000          1           1.00
     900.000 0.100000000000    9060741           1.11
     900.000 0.200000000000    9060741           1.25
     900.000 0.300000000000    9060741           1.43
     900.000 0.400000000000    9060741           1.67
     900.000 0.500000000000    9060741           2.00
     900.000 0.550000000000    9060741           2.22
     900.000 0.600000000000    9060741           2.50
     900.000 0.650000000000    9060741           2.86
     900.000 0.700000000000    9060741           3.33
     900.000 0.750000000000    9060741           4.00
     900.000 0.775000000000    9060741           4.44
     900.000 0.800000000000    9060741           5.00
     900.000 0.825000000000    9060741           5.71
     900.000 0.850000000000    9060741           6.67
     900.000 0.875000000000    9060741           8.00
     900.000 0.887500000000    9060741           8.89
     900.000 0.900000000000    9060741          10.00
    1000.000 0.912500000000    9704653          11.43
    1000.000 0.925000000000    9704653          13.33
    1000.000 0.937500000000    9704653          16.00
    1000.000 0.943750000000    9704653          17.78
    1000.000 0.950000000000    9704653          20.00
    1000.000 0.956250000000    9704653          22.86
    1000.000 0.962500000000    9704653          26.67
    1000.000 0.968750000000    9704653          32.00
    1100.000 0.971875000000    9773427          35.56
    1100.000 0.975000000000    9773427          40.00
    1200.000 0.978125000000    9791532          45.71
    1400.000 0.981250000000    9825061          53.33
    1500.000 0.984375000000    9844658          64.00
    1600.000 0.985937500000    9866479          71.11
    1700.000 0.987500000000    9887635          80.00
    1800.000 0.989062500000    9921604          91.43
    1800.000 0.990625000000    9921604         106.67
    1900.000 0.992187500000    9941459         128.00
    1900.000 0.992968750000    9941459         142.22
    1900.000 0.993750000000    9941459         160.00
    2000.000 0.994531250000    9952572         182.86
    2101.000 0.995312500000    9959343         213.33
    2201.000 0.996093750000    9965915         256.00
    2201.000 0.996484375000    9965915         284.44
    2301.000 0.996875000000    9971758         320.00
    2401.000 0.997265625000    9976125         365.71
    2501.000 0.997656250000    9979097         426.67
    2801.000 0.998046875000    9980480         512.00
    3201.000 0.998242187500    9983704         568.89
    3301.000 0.998437500000    9986551         640.00
    3301.000 0.998632812500    9986551         731.43
    3401.000 0.998828125000    9988393         853.33
    3601.000 0.999023437500    9991512        1024.00
    3601.000 0.999121093750    9991512        1137.78
    3701.000 0.999218750000    9993012        1280.00
    3801.000 0.999316406250    9994368        1462.86
    3801.000 0.999414062500    9994368        1706.67
    3901.000 0.999511718750    9995258        2048.00
    4001.000 0.999560546875    9995806        2275.56
    4203.000 0.999609375000    9996305        2560.00
    4403.000 0.999658203125    9996704        2925.71
    4703.000 0.999707031250    9997179        3413.33
    5003.000 0.999755859375    9997564        4096.00
    5203.000 0.999780273438    9997835        4551.11
    5503.000 0.999804687500    9998127        5120.00
    5803.000 0.999829101563    9998331        5851.43
    6303.000 0.999853515625    9998567        6826.67
    6903.000 0.999877929688    9998788        8192.00
    7503.000 0.999890136719    9998915        9102.22
    8103.000 0.999902343750    9999032       10240.00
    9207.000 0.999914550781    9999147       11702.86
   10807.000 0.999926757813    9999270       13653.33
   12807.000 0.999938964844    9999391       16384.00
   14407.000 0.999945068359    9999452       18204.44
   15207.000 0.999951171875    9999517       20480.00
   15703.000 0.999957275391    9999573       23405.71
   16415.000 0.999963378906    9999643       27306.67
   17807.000 0.999969482422    9999697       32768.00
   18815.000 0.999972534180    9999727       36408.89
   19807.000 0.999975585938    9999757       40960.00
   21007.000 0.999978637695    9999789       46811.43
   22511.000 0.999981689453    9999818       54613.33
   25903.000 0.999984741211    9999848       65536.00
   28207.000 0.999986267090    9999866       72817.78
   31503.000 0.999987792969    9999878       81920.00
   35103.000 0.999989318848    9999894       93622.86
   39007.000 0.999990844727    9999909      109226.67
   43103.000 0.999992370605    9999924      131072.00
   46815.000 0.999993133545    9999932      145635.56
   50719.000 0.999993896484    9999939      163840.00
   56511.000 0.999994659424    9999947      187245.71
   69823.000 0.999995422363    9999955      218453.33
   87103.000 0.999996185303    9999962      262144.00
  103039.000 0.999996566772    9999966      291271.11
  132351.000 0.999996948242    9999970      327680.00
  239871.000 0.999997329712    9999974      374491.43
  569855.000 0.999997711182    9999978      436906.67
  601599.000 0.999998092651    9999981      524288.00
  633343.000 0.999998283386    9999983      582542.22
  662527.000 0.999998474121    9999985      655360.00
  675839.000 0.999998664856    9999987      748982.86
  705535.000 0.999998855591    9999989      873813.33
  720383.000 0.999999046326    9999991     1048576.00
  735231.000 0.999999141693    9999992     1165084.44
  744447.000 0.999999237061    9999993     1310720.00
  756223.000 0.999999332428    9999994     1497965.71
  782335.000 0.999999427795    9999995     1747626.67
  796159.000 0.999999523163    9999996     2097152.00
  796159.000 0.999999570847    9999996     2330168.89
  863231.000 0.999999618530    9999997     2621440.00
  863231.000 0.999999666214    9999997     2995931.43
  867839.000 0.999999713898    9999998     3495253.33
  867839.000 0.999999761581    9999998     4194304.00
  867839.000 0.999999785423    9999998     4660337.78
  897535.000 0.999999809265    9999999     5242880.00
  897535.000 0.999999833107    9999999     5991862.86
  897535.000 0.999999856949    9999999     6990506.67
  897535.000 0.999999880791    9999999     8388608.00
  897535.000 0.999999892712    9999999     9320675.55
  911871.000 0.999999904633   10000000    10485760.00
  911871.000 1.000000000000   10000000
#[Mean    =      924.188, StdDeviation   =     1166.392]
#[Max     =   911871.000, Total count    =     10000000]
#[Buckets =           32, SubBuckets     =         2048]
