       Value     Percentile TotalCount 1/(1-Percentile)

     200.000 0.000000000000    7628634           1.00
     200.000 0.100000000000    7628634           1.11
     200.000 0.200000000000    7628634           1.25
     200.000 0.300000000000    7628634           1.43
     200.000 0.400000000000    7628634           1.67
     200.000 0.500000000000    7628634           2.00
     200.000 0.550000000000    7628634           2.22
     200.000 0.600000000000    7628634           2.50
     200.000 0.650000000000    7628634           2.86
     200.000 0.700000000000    7628634           3.33
     200.000 0.750000000000    7628634           4.00
     300.000 0.775000000000    9895706           4.44
     300.000 0.800000000000    9895706           5.00
     300.000 0.825000000000    9895706           5.71
     300.000 0.850000000000    9895706           6.67
     300.000 0.875000000000    9895706           8.00
     300.000 0.887500000000    9895706           8.89
     300.000 0.900000000000    9895706          10.00
     300.000 0.912500000000    9895706          11.43
     300.000 0.925000000000    9895706          13.33
     300.000 0.937500000000    9895706          16.00
     300.000 0.943750000000    9895706          17.78
     300.000 0.950000000000    9895706          20.00
     300.000 0.956250000000    9895706          22.86
     300.000 0.962500000000    9895706          26.67
     300.000 0.968750000000    9895706          32.00
     300.000 0.971875000000    9895706          35.56
     300.000 0.975000000000    9895706          40.00
     300.000 0.978125000000    9895706          45.71
     300.000 0.981250000000    9895706          53.33
     300.000 0.984375000000    9895706          64.00
     300.000 0.985937500000    9895706          71.11
     300.000 0.987500000000    9895706          80.00
     300.000 0.989062500000    9895706          91.43
     400.000 0.990625000000    9978018         106.67
     400.000 0.992187500000    9978018         128.00
     400.000 0.992968750000    9978018         142.22
     400.000 0.993750000000    9978018         160.00
     400.000 0.994531250000    9978018         182.86
     400.000 0.995312500000    9978018         213.33
     400.000 0.996093750000    9978018         256.00
     400.000 0.996484375000    9978018         284.44
     400.000 0.996875000000    9978018         320.00
     400.000 0.997265625000    9978018         365.71
     400.000 0.997656250000    9978018         426.67
     500.000 0.998046875000    9990830         512.00
     500.000 0.998242187500    9990830         568.89
     500.000 0.998437500000    9990830         640.00
     500.000 0.998632812500    9990830         731.43
     500.000 0.998828125000    9990830         853.33
     500.000 0.999023437500    9990830        1024.00
     600.000 0.999121093750    9992918        1137.78
     600.000 0.999218750000    9992918        1280.00
     700.000 0.999316406250    9993631        1462.86
     900.000 0.999414062500    9994157        1706.67
    1800.000 0.999511718750    9995294        2048.00
    1900.000 0.999560546875    9996513        2275.56
    1900.000 0.999609375000    9996513        2560.00
    2000.000 0.999658203125    9996772        2925.71
    2301.000 0.999707031250    9997147        3413.33
    2401.000 0.999755859375    9997701        4096.00
    2501.000 0.999780273438    9998209        4551.11
    2501.000 0.999804687500    9998209        5120.00
    2601.000 0.999829101563    9998403        5851.43
    2801.000 0.999853515625    9998593        6826.67
    3101.000 0.999877929688    9998826        8192.00
    3301.000 0.999890136719    9998949        9102.22
    3501.000 0.999902343750    9999082       10240.00
    3601.000 0.999914550781    9999149       11702.86
    3901.000 0.999926757813    9999268       13653.33
    4403.000 0.999938964844    9999410       16384.00
    4703.000 0.999945068359    9999451       18204.44
    5103.000 0.999951171875    9999513       20480.00
    5603.000 0.999957275391    9999579       23405.71
    6403.000 0.999963378906    9999643       27306.67
    7103.000 0.999969482422    9999699       32768.00
    7503.000 0.999972534180    9999726       36408.89
    8303.000 0.999975585938    9999756       40960.00
    9407.000 0.999978637695    9999788       46811.43
   11007.000 0.999981689453    9999818       54613.33
   13103.000 0.999984741211    9999850       65536.00
   13607.000 0.999986267090    9999864       72817.78
   14303.000 0.999987792969    9999882       81920.00
   15103.000 0.999989318848    9999894       93622.86
   16703.000 0.999990844727    9999910      109226.67
   18511.000 0.999992370605    9999925      131072.00
   20207.000 0.999993133545    9999932      145635.56
   22111.000 0.999993896484    9999940      163840.00
   24207.000 0.999994659424    9999947      187245.71
   28911.000 0.999995422363    9999955      218453.33
   58431.000 0.999996185303    9999962      262144.00
  111231.000 0.999996566772    9999966      291271.11
  560127.000 0.999996948242    9999970      327680.00
  634879.000 0.999997329712    9999974      374491.43
  693759.000 0.999997711182    9999978      436906.67
  737279.000 0.999998092651    9999981      524288.00
  773631.000 0.999998283386    9999983      582542.22
  816639.000 0.999998474121    9999985      655360.00
  828415.000 0.999998664856    9999987      748982.86
  840703.000 0.999998855591    9999989      873813.33
  846335.000 0.999999046326    9999991     1048576.00
  868351.000 0.999999141693    9999993     1165084.44
  868351.000 0.999999237061    9999993     1310720.00
  893951.000 0.999999332428    9999994     1497965.71
  897023.000 0.999999427795    9999995     1747626.67
  924671.000 0.999999523163    9999996     2097152.00
  924671.000 0.999999570847    9999996     2330168.89
  940543.000 0.999999618530    9999997     2621440.00
  940543.000 0.999999666214    9999997     2995931.43
  944127.000 0.999999713898    9999998     3495253.33
  944127.000 0.999999761581    9999998     4194304.00
  944127.000 0.999999785423    9999998     4660337.78
  981503.000 0.999999809265    9999999     5242880.00
  981503.000 0.999999833107    9999999     5991862.86
  981503.000 0.999999856949    9999999     6990506.67
  981503.000 0.999999880791    9999999     8388608.00
  981503.000 0.999999892712    9999999     9320675.55
 1266687.000 0.999999904633   10000000    10485760.00
 1266687.000 1.000000000000   10000000
#[Mean    =      229.095, StdDeviation   =     1452.781]
#[Max     =  1266687.000, Total count    =     10000000]
#[Buckets =           32, SubBuckets     =         2048]
